ASC

2,4,7,7,12,25,26,31,41,56,59,65,69,70,70,71,78,86,87,93
2,5,17,21,22,29,41,54,67,70,75,76,76,79,85,95,95,96,100
4,6,7,8,15,20,21,27,31,35,41,43,63,77,81,85,87,90,98
8,9,19,22,23,27,28,28,41,45,65,66,68,69,70,75,79,96,98,100
6,12,18,23,24,28,29,33,41,52,55,57,57,59,60,64,65,65,69
DESC

98,90,87,85,81,77,63,43,41,35,31,27,21,20,15,8,7,6,4
100,96,95,95,85,79,76,76,75,70,67,54,41,29,22,21,17,5,2
100,98,96,79,75,70,69,68,66,65,45,41,28,28,27,23,22,19,9,8
69,65,65,64,60,59,57,57,55,52,41,33,29,28,24,23,18,12,6
93,87,86,78,71,70,70,69,65,59,56,41,31,26,25,12,7,7,4,2
MIX

2,5,17,21,22,29,41,54,67,70,75,76,76,79,85,95,95,96,100
69,65,65,64,60,59,57,57,55,52,41,33,29,28,24,23,18,12,6
93,87,86,78,71,70,70,69,65,59,56,41,31,26,25,12,7,7,4,2
8,9,19,22,23,27,28,28,41,45,65,66,68,69,70,75,79,96,98,100
4,6,7,8,15,20,21,27,31,35,41,43,63,77,81,85,87,90,98
ASC

4,6,7,8,15,20,21,27,31,35,41,43,63,77,81,85,87,90,98
2,4,7,7,12,25,26,31,41,56,59,65,69,70,70,71,78,86,87,93
2,5,17,21,22,29,41,54,67,70,75,76,76,79,85,95,95,96,100
6,12,18,23,24,28,29,33,41,52,55,57,57,59,60,64,65,65,69
8,9,19,22,23,27,28,28,41,45,65,66,68,69,70,75,79,96,98,100
DESC

98,90,87,85,81,77,63,43,41,35,31,27,21,20,15,8,7,6,4
93,87,86,78,71,70,70,69,65,59,56,41,31,26,25,12,7,7,4,2
69,65,65,64,60,59,57,57,55,52,41,33,29,28,24,23,18,12,6
100,96,95,95,85,79,76,76,75,70,67,54,41,29,22,21,17,5,2
100,98,96,79,75,70,69,68,66,65,45,41,28,28,27,23,22,19,9,8
MIX

93,87,86,78,71,70,70,69,65,59,56,41,31,26,25,12,7,7,4,2
2,5,17,21,22,29,41,54,67,70,75,76,76,79,85,95,95,96,100
69,65,65,64,60,59,57,57,55,52,41,33,29,28,24,23,18,12,6
8,9,19,22,23,27,28,28,41,45,65,66,68,69,70,75,79,96,98,100
4,6,7,8,15,20,21,27,31,35,41,43,63,77,81,85,87,90,98
ASC

6,12,18,23,24,28,29,33,41,52,55,57,57,59,60,64,65,65,69
4,6,7,8,15,20,21,27,31,35,41,43,63,77,81,85,87,90,98
8,9,19,22,23,27,28,28,41,45,65,66,68,69,70,75,79,96,98,100
2,4,7,7,12,25,26,31,41,56,59,65,69,70,70,71,78,86,87,93
2,5,17,21,22,29,41,54,67,70,75,76,76,79,85,95,95,96,100
DESC

93,87,86,78,71,70,70,69,65,59,56,41,31,26,25,12,7,7,4,2
100,96,95,95,85,79,76,76,75,70,67,54,41,29,22,21,17,5,2
69,65,65,64,60,59,57,57,55,52,41,33,29,28,24,23,18,12,6
100,98,96,79,75,70,69,68,66,65,45,41,28,28,27,23,22,19,9,8
98,90,87,85,81,77,63,43,41,35,31,27,21,20,15,8,7,6,4
MIX

4,6,7,8,15,20,21,27,31,35,41,43,63,77,81,85,87,90,98
2,5,17,21,22,29,41,54,67,70,75,76,76,79,85,95,95,96,100
69,65,65,64,60,59,57,57,55,52,41,33,29,28,24,23,18,12,6
8,9,19,22,23,27,28,28,41,45,65,66,68,69,70,75,79,96,98,100
93,87,86,78,71,70,70,69,65,59,56,41,31,26,25,12,7,7,4,2
MIX

4,6,7,8,15,20,21,27,31,35,41,43,63,77,81,85,87,90,98
2,5,17,21,22,29,41,54,67,70,75,76,76,79,85,95,95,96,100
69,65,65,64,60,59,57,57,55,52,41,33,29,28,24,23,18,12,6
8,9,19,22,23,27,28,28,41,45,65,66,68,69,70,75,79,96,98,100
93,87,86,78,71,70,70,69,65,59,56,41,31,26,25,12,7,7,4,2
